# plot learn data
2.8974796197117 12.4961107327659 
22.8907531890831 0.492583741264454 
1.11268792759734 13.9728375559021 
29.9663743529668 0.91096940602327 
0.199924258917896 19.2921837008595 
22.9084525070565 2.58674971562073 
2.97863567762779 15.132799962286 
23.1289964071731 3.507512124378 
1.03229087066591 18.2372103802627 
24.9960657592073 1.42477312275247 
5.95671001859149 10.2156219202097 
26.6624640423258 7.71358030474133 
0.497421800459854 14.8163667600444 
23.1051341543738 1.93060332187621 
1.6151408373597 16.4476709811254 
25.0504358460913 8.16464907018371 
3.08963124941275 12.9032609272568 
29.6888250991084 2.63575287102931 
0.417469533055304 14.2643342910392 
20.7057323722146 6.50846635652194 
3.65891557861584 15.21286664956 
28.4655739588458 4.55349004658402 
5.94701920771438 15.071645794761 
21.0051287416387 4.63547026245251 
9.74370535763423 18.3053231938126 
21.3460915596486 0.02320087825467 
7.48403016104891 12.7783898066933 
27.2837724655504 2.14475828732716 
6.91846871446909 18.1086780162276 
26.359913179905 1.76615024483858 
7.54738622506398 19.4776220700574 
25.9198909698598 4.13080305663478 
4.34922367058643 17.3789643218841 
20.2789585215841 8.57202755197747 
3.06802539412065 17.6681430483943 
26.6952068789459 7.05912071237805 
3.1939267599083 19.0229372965473 
23.0957689670517 3.43905824782084 
7.46047595826585 12.7619873623098 
29.5922854347915 2.70693788276013 
3.27966390633183 18.2098980308842 
25.0665876673454 9.17201301467934 
3.55257197365969 14.05609669128 
21.960969636054 7.25667617143799 
8.14879897960115 19.5905440698451 
23.960498944908 9.2362645093516 
3.9521503668978 16.8644300117215 
23.9037247425597 2.05721843601388 
0.610129448205434 13.4322525358377 
27.5085158603727 8.56759743738642 
1.25039627471761 15.1792458940501 
27.649540448668 2.36901768893617 
3.77257175034995 15.0624181698404 
26.2577243452667 4.97162365191727 
1.58695773187635 19.6023161679942 
22.9503494719075 5.71842611833716 
9.33469207964894 13.1288965090945 
21.0179409524538 9.30325591781198 
1.55584462934524 18.7206473852482 
25.2977261394606 5.07873801495329 
9.23279840427067 18.7159813061741 
26.7276784100794 4.62808500192082 
7.63368929507696 17.5968880337186 
21.9017513615782 6.21714713598429 
6.62911381031304 11.9009785646559 
25.3337909402709 2.29676598387051 
7.57306451210301 19.919864346011 
21.6956343094168 0.313882914716146 
4.34203094275869 16.3012967718846 
28.8380242919588 7.8526306262777 
3.33366482605786 10.5315268732869 
29.2526688647929 1.57013148209565 
9.12957675789837 13.2837698051869 
26.9886354214091 1.77308184324964 
0.48553007165193 15.5175282611048 
23.1423139138996 6.0315014988111 
1.48002371337835 17.7166716326837 
27.7632749907008 1.77011181214795 
7.365525535789 13.1295053232092 
26.5909365302112 2.32083074305578 
6.96817337756446 12.2852638717004 
25.3925677092608 4.92882558030352 
4.53892896223021 18.7232343256159 
22.949541157449 4.31452353097711 
0.672215198278714 16.144874751423 
29.4412485503272 3.0146917238865 
8.13544856601251 13.7007815233601 
20.3710832559722 4.54659370730184 
2.52193847744362 13.3261329316894 
27.127706081833 2.03609967767825 
9.91577851798194 13.1673071289294 
22.872842234203 4.1275058368452 
3.07062494365699 19.4544830088286 
23.084083914246 9.67711421421768 
5.12554356732235 12.4303741035427 
21.9620576579951 5.96004297610051 
1.58416835170289 16.5407004313748 
25.7669619798985 6.13286120798492 
7.0573363065694 10.1031756453889 
27.0480939681227 4.20096089915972 
