 -10 -10 0.0136200908619263 
 -10 -9 0.0136200908619263 
 -10 -8 0.0136200908619263 
 -10 -7 0.0136200908619263 
 -10 -6 0.0136200908619263 
 -10 -5 0.0136200908619263 
 -10 -4 0.0136200908619263 
 -10 -3 0.0136200908619263 
 -10 -2 0.0136200908619263 
 -10 -1 0.0136200908619263 
 -10 0 0.0136200908619263 
 -10 1 0.0136200908619263 
 -10 2 0.0136200908619263 
 -10 3 0.0136200908619263 
 -10 4 0.0136200908619263 
 -10 5 0.0136200908619263 
 -10 6 0.0136200908619263 
 -10 7 0.0136200908619263 
 -10 8 0.0136200908619263 
 -10 9 0.0136200908619263 
 -10 10 0.0136200908619263 
 -9 -10 0.0136200908619263 
 -9 -9 0.0136200908619263 
 -9 -8 0.0136200908619263 
 -9 -7 0.0136200908619263 
 -9 -6 0.0136200908619263 
 -9 -5 0.0136200908619263 
 -9 -4 0.0136200908619263 
 -9 -3 0.0136200908619263 
 -9 -2 0.0136200908619263 
 -9 -1 0.0136200908619263 
 -9 0 0.0136200908619263 
 -9 1 0.0136200908619263 
 -9 2 0.0136200908619263 
 -9 3 0.0136200908619263 
 -9 4 0.0136200908619263 
 -9 5 0.0136200908619263 
 -9 6 0.0136200908619263 
 -9 7 0.0136200908619263 
 -9 8 0.0136200908619263 
 -9 9 0.0136200908619263 
 -9 10 0.0136200908619263 
 -8 -10 0.0136200908619263 
 -8 -9 0.0136200908619263 
 -8 -8 0.0136200908619263 
 -8 -7 0.0136200908619263 
 -8 -6 0.0136200908619263 
 -8 -5 0.0136200908619263 
 -8 -4 0.0136200908619263 
 -8 -3 0.0136200908619263 
 -8 -2 0.0136200908619263 
 -8 -1 0.0136200908619263 
 -8 0 0.0136200908619263 
 -8 1 0.0136200908619263 
 -8 2 0.0136200908619263 
 -8 3 0.0136200908619263 
 -8 4 0.0136200908619263 
 -8 5 0.0136200908619263 
 -8 6 0.0136200908619263 
 -8 7 0.0136200908619263 
 -8 8 0.0136200908619263 
 -8 9 0.0136200908619263 
 -8 10 0.0136200908619263 
 -7 -10 0.0136200908619263 
 -7 -9 0.0136200908619263 
 -7 -8 0.0136200908619263 
 -7 -7 0.0136200908619263 
 -7 -6 0.0136200908619263 
 -7 -5 0.0136200908619263 
 -7 -4 0.0136200908619263 
 -7 -3 0.0136200908619263 
 -7 -2 0.0136200908619263 
 -7 -1 0.0136200908619263 
 -7 0 0.0136200908619263 
 -7 1 0.0136200908619263 
 -7 2 0.0136200908619263 
 -7 3 0.0136200908619263 
 -7 4 0.0136200908619263 
 -7 5 0.0136200908619263 
 -7 6 0.0136200908619263 
 -7 7 0.0136200908619263 
 -7 8 0.0136200908619263 
 -7 9 0.0136200908619263 
 -7 10 0.0136200908619263 
 -6 -10 0.0136200908619263 
 -6 -9 0.0136200908619263 
 -6 -8 0.0136200908619263 
 -6 -7 0.0136200908619263 
 -6 -6 0.0136200908619263 
 -6 -5 0.0136200908619263 
 -6 -4 0.0136200908619263 
 -6 -3 0.0136200908619263 
 -6 -2 0.0136200908619263 
 -6 -1 0.0136200908619263 
 -6 0 0.0136200908619263 
 -6 1 0.0136200908619263 
 -6 2 0.0136200908619263 
 -6 3 0.0136200908619263 
 -6 4 0.0136200908619263 
 -6 5 0.0136200908619263 
 -6 6 0.0136200908619263 
 -6 7 0.0136200908619263 
 -6 8 0.0136200908619263 
 -6 9 0.0136200908619263 
 -6 10 0.0136200908619263 
 -5 -10 0.0136200908619263 
 -5 -9 0.0136200908619263 
 -5 -8 0.0136200908619263 
 -5 -7 0.0136200908619263 
 -5 -6 0.0136200908619263 
 -5 -5 0.0136200908619263 
 -5 -4 0.0136200908619263 
 -5 -3 0.0136200908619263 
 -5 -2 0.0136200908619263 
 -5 -1 0.0136200908619263 
 -5 0 0.0136200908619263 
 -5 1 0.0136200908619263 
 -5 2 0.0136200908619263 
 -5 3 0.0136200908619263 
 -5 4 0.0136200908619263 
 -5 5 0.0136200908619263 
 -5 6 0.0136200908619263 
 -5 7 0.0136200908619263 
 -5 8 0.0136200908619263 
 -5 9 0.0136200908619263 
 -5 10 0.0136200908619263 
 -4 -10 0.0136200908619263 
 -4 -9 0.0136200908619263 
 -4 -8 0.0136200908619263 
 -4 -7 0.0136200908619263 
 -4 -6 0.0136200908619263 
 -4 -5 0.0136200908619263 
 -4 -4 0.0136200908619263 
 -4 -3 0.0136200908619263 
 -4 -2 0.0136200908619263 
 -4 -1 0.0136200908619263 
 -4 0 0.0136200908619263 
 -4 1 0.0136200908619263 
 -4 2 0.0136200908619263 
 -4 3 0.0136200908619263 
 -4 4 0.0136200908619263 
 -4 5 0.0136200908619263 
 -4 6 0.0136200908619263 
 -4 7 0.0136200908619263 
 -4 8 0.0136200908619263 
 -4 9 0.0136200908619263 
 -4 10 0.0136200908619263 
 -3 -10 0.0136200908619263 
 -3 -9 0.0136200908619263 
 -3 -8 0.0136200908619263 
 -3 -7 0.0136200908619263 
 -3 -6 0.0136200908619263 
 -3 -5 0.0136200908619263 
 -3 -4 0.0136200908619263 
 -3 -3 0.0136200908619263 
 -3 -2 0.0136200908619263 
 -3 -1 0.0136200908619263 
 -3 0 0.0136200908619263 
 -3 1 0.0136200908619263 
 -3 2 0.0136200908619263 
 -3 3 0.0136200908619263 
 -3 4 0.0136200908619263 
 -3 5 0.0136200908619263 
 -3 6 0.0136200908619263 
 -3 7 0.0136200908619263 
 -3 8 0.0136200908619263 
 -3 9 0.0136200908619263 
 -3 10 0.0136200908619263 
 -2 -10 0.0136200908619263 
 -2 -9 0.0136200908619263 
 -2 -8 0.0136200908619263 
 -2 -7 0.0136200908619263 
 -2 -6 0.0136200908619263 
 -2 -5 0.0136200908619263 
 -2 -4 0.0136200908619263 
 -2 -3 0.0136200908619263 
 -2 -2 0.0136200908619263 
 -2 -1 0.0136200908619263 
 -2 0 0.0136200908619263 
 -2 1 0.0136200908619263 
 -2 2 0.0136200908619263 
 -2 3 0.0136200908619263 
 -2 4 0.0136200908619263 
 -2 5 0.0136200908619263 
 -2 6 0.0136200908619263 
 -2 7 0.0136200908619263 
 -2 8 0.0136200908619263 
 -2 9 0.0136200908619263 
 -2 10 0.0136200908619263 
 -1 -10 0.0136200908619263 
 -1 -9 0.0136200908619263 
 -1 -8 0.0136200908619263 
 -1 -7 0.0136200908619263 
 -1 -6 0.0136200908619263 
 -1 -5 0.0136200908619263 
 -1 -4 0.0136200908619263 
 -1 -3 0.0136200908619263 
 -1 -2 0.0136200908619263 
 -1 -1 0.0136200908619263 
 -1 0 0.0136200908619263 
 -1 1 0.0136200908619263 
 -1 2 0.0136200908619263 
 -1 3 0.0136200908619263 
 -1 4 0.0136200908619263 
 -1 5 0.0136200908619263 
 -1 6 0.0136200908619263 
 -1 7 0.0136200908619263 
 -1 8 0.0136200908619263 
 -1 9 0.0136200908619263 
 -1 10 0.0136200908619263 
 0 -10 0.0136200908619263 
 0 -9 0.0136200908619263 
 0 -8 0.0136200908619263 
 0 -7 0.0136200908619263 
 0 -6 0.0136200908619263 
 0 -5 0.0136200908619263 
 0 -4 0.0136200908619263 
 0 -3 0.0136200908619263 
 0 -2 0.0136200908619263 
 0 -1 0.0136200908619263 
 0 0 0.0136200908619263 
 0 1 0.0136200908619263 
 0 2 0.0136200908619263 
 0 3 0.0136200908619263 
 0 4 0.0136200908619263 
 0 5 0.0136200908619263 
 0 6 0.0136200908619263 
 0 7 0.0136200908619263 
 0 8 0.0136200908619263 
 0 9 0.0136200908619263 
 0 10 0.0136200908619263 
 1 -10 0.0136200908619263 
 1 -9 0.0136200908619263 
 1 -8 0.0136200908619263 
 1 -7 0.0136200908619263 
 1 -6 0.0136200908619263 
 1 -5 0.0136200908619263 
 1 -4 0.0136200908619263 
 1 -3 0.0136200908619263 
 1 -2 0.0136200908619263 
 1 -1 0.0136200908619263 
 1 0 0.0136200908619263 
 1 1 0.0136200908619263 
 1 2 0.0136200908619263 
 1 3 0.0136200908619263 
 1 4 0.0136200908619263 
 1 5 0.0136200908619263 
 1 6 0.0136200908619263 
 1 7 0.0136200908619263 
 1 8 0.0136200908619263 
 1 9 0.0136200908619263 
 1 10 0.0136200908619263 
 2 -10 0.0136200908619263 
 2 -9 0.0136200908619263 
 2 -8 0.0136200908619263 
 2 -7 0.0136200908619263 
 2 -6 0.0136200908619263 
 2 -5 0.0136200908619263 
 2 -4 0.0136200908619263 
 2 -3 0.0136200908619263 
 2 -2 0.0136200908619263 
 2 -1 0.0136200908619263 
 2 0 0.0136200908619263 
 2 1 0.0136200908619263 
 2 2 0.0136200908619263 
 2 3 0.0136200908619263 
 2 4 0.0136200908619263 
 2 5 0.0136200908619263 
 2 6 0.0136200908619263 
 2 7 0.0136200908619263 
 2 8 0.0136200908619263 
 2 9 0.0136200908619263 
 2 10 0.0136200908619263 
 3 -10 0.0136200908619263 
 3 -9 0.0136200908619263 
 3 -8 0.0136200908619263 
 3 -7 0.0136200908619263 
 3 -6 0.0136200908619263 
 3 -5 0.0136200908619263 
 3 -4 0.0136200908619263 
 3 -3 0.0136200908619263 
 3 -2 0.0136200908619263 
 3 -1 0.0136200908619263 
 3 0 0.0136200908619263 
 3 1 0.0136200908619263 
 3 2 0.0136200908619263 
 3 3 0.0136200908619263 
 3 4 0.0136200908619263 
 3 5 0.0136200908619263 
 3 6 0.0136200908619263 
 3 7 0.0136200908619263 
 3 8 0.0136200908619263 
 3 9 0.0136200908619263 
 3 10 0.0136200908619263 
 4 -10 0.0136200908619263 
 4 -9 0.0136200908619263 
 4 -8 0.0136200908619263 
 4 -7 0.0136200908619263 
 4 -6 0.0136200908619263 
 4 -5 0.0136200908619263 
 4 -4 0.0136200908619263 
 4 -3 0.0136200908619263 
 4 -2 0.0136200908619263 
 4 -1 0.0136200908619263 
 4 0 0.0136200908619263 
 4 1 0.0136200908619263 
 4 2 0.0136200908619263 
 4 3 0.0136200908619263 
 4 4 0.0136200908619263 
 4 5 0.0136200908619263 
 4 6 0.0136200908619263 
 4 7 0.0136200908619263 
 4 8 0.0136200908619263 
 4 9 0.0136200908619263 
 4 10 0.0136200908619263 
 5 -10 0.0136200908619263 
 5 -9 0.0136200908619263 
 5 -8 0.0136200908619263 
 5 -7 0.0136200908619263 
 5 -6 0.0136200908619263 
 5 -5 0.0136200908619263 
 5 -4 0.0136200908619263 
 5 -3 0.0136200908619263 
 5 -2 0.0136200908619263 
 5 -1 0.0136200908619263 
 5 0 0.0136200908619263 
 5 1 0.0136200908619263 
 5 2 0.0136200908619263 
 5 3 0.0136200908619263 
 5 4 0.0136200908619263 
 5 5 0.0136200908619263 
 5 6 0.0136200908619263 
 5 7 0.0136200908619263 
 5 8 0.0136200908619263 
 5 9 0.0136200908619263 
 5 10 0.0136200908619263 
 6 -10 0.0136200908619263 
 6 -9 0.0136200908619263 
 6 -8 0.0136200908619263 
 6 -7 0.0136200908619263 
 6 -6 0.0136200908619263 
 6 -5 0.0136200908619263 
 6 -4 0.0136200908619263 
 6 -3 0.0136200908619263 
 6 -2 0.0136200908619263 
 6 -1 0.0136200908619263 
 6 0 0.0136200908619263 
 6 1 0.0136200908619263 
 6 2 0.0136200908619263 
 6 3 0.0136200908619263 
 6 4 0.0136200908619263 
 6 5 0.0136200908619263 
 6 6 0.0136200908619263 
 6 7 0.0136200908619263 
 6 8 0.0136200908619263 
 6 9 0.0136200908619263 
 6 10 0.0136200908619263 
 7 -10 0.0136200908619263 
 7 -9 0.0136200908619263 
 7 -8 0.0136200908619263 
 7 -7 0.0136200908619263 
 7 -6 0.0136200908619263 
 7 -5 0.0136200908619263 
 7 -4 0.0136200908619263 
 7 -3 0.0136200908619263 
 7 -2 0.0136200908619263 
 7 -1 0.0136200908619263 
 7 0 0.0136200908619263 
 7 1 0.0136200908619263 
 7 2 0.0136200908619263 
 7 3 0.0136200908619263 
 7 4 0.0136200908619263 
 7 5 0.0136200908619263 
 7 6 0.0136200908619263 
 7 7 0.0136200908619263 
 7 8 0.0136200908619263 
 7 9 0.0136200908619263 
 7 10 0.0136200908619263 
 8 -10 0.0136200908619263 
 8 -9 0.0136200908619263 
 8 -8 0.0136200908619263 
 8 -7 0.0136200908619263 
 8 -6 0.0136200908619263 
 8 -5 0.0136200908619263 
 8 -4 0.0136200908619263 
 8 -3 0.0136200908619263 
 8 -2 0.0136200908619263 
 8 -1 0.0136200908619263 
 8 0 0.0136200908619263 
 8 1 0.0136200908619263 
 8 2 0.0136200908619263 
 8 3 0.0136200908619263 
 8 4 0.0136200908619263 
 8 5 0.0136200908619263 
 8 6 0.0136200908619263 
 8 7 0.0136200908619263 
 8 8 0.0136200908619263 
 8 9 0.0136200908619263 
 8 10 0.0136200908619263 
 9 -10 0.0136200908619263 
 9 -9 0.0136200908619263 
 9 -8 0.0136200908619263 
 9 -7 0.0136200908619263 
 9 -6 0.0136200908619263 
 9 -5 0.0136200908619263 
 9 -4 0.0136200908619263 
 9 -3 0.0136200908619263 
 9 -2 0.0136200908619263 
 9 -1 0.0136200908619263 
 9 0 0.0136200908619263 
 9 1 0.0136200908619263 
 9 2 0.0136200908619263 
 9 3 0.0136200908619263 
 9 4 0.0136200908619263 
 9 5 0.0136200908619263 
 9 6 0.0136200908619263 
 9 7 0.0136200908619263 
 9 8 0.0136200908619263 
 9 9 0.0136200908619263 
 9 10 0.0136200908619263 
 10 -10 0.0136200908619263 
 10 -9 0.0136200908619263 
 10 -8 0.0136200908619263 
 10 -7 0.0136200908619263 
 10 -6 0.0136200908619263 
 10 -5 0.0136200908619263 
 10 -4 0.0136200908619263 
 10 -3 0.0136200908619263 
 10 -2 0.0136200908619263 
 10 -1 0.0136200908619263 
 10 0 0.0136200908619263 
 10 1 0.0136200908619263 
 10 2 0.0136200908619263 
 10 3 0.0136200908619263 
 10 4 0.0136200908619263 
 10 5 0.0136200908619263 
 10 6 0.0136200908619263 
 10 7 0.0136200908619263 
 10 8 0.0136200908619263 
 10 9 0.0136200908619263 
 10 10 0.0136200908619263 
