 -10 -10 0.0202520868838317 
 -10 -9 0.025803837282602 
 -10 -8 0.0328439487783043 
 -10 -7 0.0417493221016909 
 -10 -6 0.0529786888492065 
 -10 -5 0.0670822984485754 
 -10 -4 0.0847077986989706 
 -10 -3 0.106598794630698 
 -10 -2 0.13358132343898 
 -10 -1 0.166532465839864 
 -10 0 0.206325121917053 
 -10 1 0.253744454153824 
 -10 2 0.309375533779746 
 -10 3 0.37346883436203 
 -10 4 0.445799976092933 
 -10 5 0.525550730073724 
 -10 6 0.611246419251098 
 -10 7 0.700785772857481 
 -10 8 0.791587529633988 
 -10 9 0.880850211085989 
 -10 10 0.965882096385716 
 -9 -10 0.0237740870738433 
 -9 -9 0.030284888000394 
 -9 -8 0.0385328874424346 
 -9 -7 0.0489517161431688 
 -9 -6 0.0620650155629313 
 -9 -5 0.0784943754213449 
 -9 -4 0.0989612891302299 
 -9 -3 0.124278662742087 
 -9 -2 0.155326155514549 
 -9 -1 0.193002927334151 
 -9 0 0.238152028987645 
 -9 1 0.291453715970297 
 -9 2 0.353291298733141 
 -9 3 0.423602960568588 
 -9 4 0.501745049678998 
 -9 5 0.586403407237349 
 -9 6 0.675593776122483 
 -9 7 0.76678327107338 
 -9 8 0.857137344206378 
 -9 9 0.943854428275132 
 -9 10 1.02451091908648 
 -8 -10 0.0279290351970409 
 -8 -9 0.0355675127754725 
 -8 -8 0.0452323837327425 
 -8 -7 0.057420813091366 
 -8 -6 0.0727275179482899 
 -8 -5 0.0918495970131766 
 -8 -4 0.115582481854709 
 -8 -3 0.144801477809624 
 -8 -2 0.180422260061496 
 -8 -1 0.223333638813971 
 -8 0 0.274297971648929 
 -8 1 0.333819958989245 
 -8 2 0.401993963950863 
 -8 3 0.478352906730926 
 -8 4 0.561755317171445 
 -8 5 0.650355351407878 
 -8 6 0.741695173685774 
 -8 7 0.832933233928436 
 -8 8 0.921177822798061 
 -8 9 1.00385014263111 
 -8 10 1.07898161882258 
 -7 -10 0.032834596488233 
 -7 -9 0.0417988822634488 
 -7 -8 0.0531247461634533 
 -7 -7 0.0673796342352648 
 -7 -6 0.0852345888178506 
 -7 -5 0.107464062038777 
 -7 -4 0.134933076086263 
 -7 -3 0.168565085658536 
 -7 -2 0.209283248118266 
 -7 -1 0.257918949675187 
 -7 0 0.315085715373772 
 -7 1 0.38102525562729 
 -7 2 0.455445535292979 
 -7 3 0.53738616847216 
 -7 4 0.625158270809808 
 -7 5 0.716404823570612 
 -7 6 0.808304736061298 
 -7 7 0.897899041520211 
 -7 8 0.98246734266841 
 -7 9 1.05985518611002 
 -7 10 1.12866894317297 
 -6 -10 0.0386306029352664 
 -6 -9 0.0491529993776616 
 -6 -8 0.0624240107594301 
 -6 -7 0.0790875024085489 
 -6 -6 0.0998942015852513 
 -6 -5 0.125693873333458 
 -6 -4 0.157410053319152 
 -6 -3 0.195989708888079 
 -6 -2 0.242320514558716 
 -6 -1 0.29711160477049 
 -6 0 0.360741252599039 
 -6 1 0.433087741845573 
 -6 2 0.513376335636887 
 -6 3 0.600090287389499 
 -6 4 0.690997423198775 
 -6 5 0.783325128722101 
 -6 6 0.874072717792164 
 -6 7 0.960395578607283 
 -6 8 1.03995979306611 
 -6 9 1.11117400754896 
 -6 10 1.17325485984222 
 -5 -10 0.0454829314635201 
 -5 -9 0.0578349341352722 
 -5 -8 0.0733801726878236 
 -5 -7 0.0928435815392346 
 -5 -6 0.117055585491945 
 -5 -5 0.146933133095549 
 -5 -4 0.183437442897515 
 -5 -3 0.227500330816502 
 -5 -2 0.279913098215323 
 -5 -1 0.341178351495678 
 -5 0 0.411337186709876 
 -5 1 0.489801357605592 
 -5 2 0.575237719882696 
 -5 3 0.665560486542541 
 -5 4 0.758073209695902 
 -5 5 0.849760998688671 
 -5 6 0.937675960547593 
 -5 7 1.01931502711082 
 -5 8 1.09288837969829 
 -5 9 1.15742178131702 
 -5 10 1.2126997326277 
 -4 -10 0.0535877800795108 
 -4 -9 0.0680852167847755 
 -4 -8 0.0862830774475045 
 -4 -7 0.108989179498833 
 -4 -6 0.137108212367928 
 -4 -5 0.171607120596217 
 -4 -4 0.213450505204887 
 -4 -3 0.263498530328646 
 -4 -2 0.322364953595024 
 -4 -1 0.390243873889993 
 -4 0 0.466730903920278 
 -4 1 0.550684083964687 
 -4 2 0.640182451984321 
 -4 3 0.732632215113802 
 -4 4 0.825032976452359 
 -4 5 0.914357623790559 
 -4 6 0.997948200666363 
 -4 7 1.07381921895894 
 -4 8 1.14079873535404 
 -4 9 1.19850199037498 
 -4 10 1.24718528783099 
 -3 -10 0.0631761791495648 
 -3 -9 0.0801840201038263 
 -3 -8 0.101465275115531 
 -3 -7 0.127907643687589 
 -3 -6 0.160476319508274 
 -3 -5 0.200158261224038 
 -3 -4 0.247869632527839 
 -3 -3 0.304321663412589 
 -3 -2 0.369849850790679 
 -3 -1 0.444227925384672 
 -3 0 0.526508816656803 
 -3 1 0.614951260475367 
 -3 2 0.707088589285491 
 -3 3 0.799963913121161 
 -3 4 0.890497506373952 
 -3 5 0.975894610561029 
 -3 6 1.05398068818604 
 -3 7 1.12338207768525 
 -3 8 1.18353357495188 
 -3 9 1.23455272280276 
 -3 10 1.27704726522102 
 -2 -10 0.0745184090569549 
 -2 -9 0.0944544914236085 
 -2 -8 0.119302739093482 
 -2 -7 0.150020148668935 
 -2 -6 0.187606623126343 
 -2 -5 0.233022141756086 
 -2 -4 0.28706163659868 
 -2 -3 0.350189110185242 
 -2 -2 0.422348007127646 
 -2 -1 0.502786135028484 
 -2 0 0.589952948510392 
 -2 1 0.681530643903339 
 -2 2 0.774634272037202 
 -2 3 0.866159918597837 
 -2 4 0.953197633101774 
 -2 5 1.03339442860336 
 -2 6 1.10517418130055 
 -2 7 1.16778198484311 
 -2 8 1.22118301747099 
 -2 9 1.265879821089 
 -2 10 1.30271172877937 
 -1 -10 0.0879277402711669 
 -1 -9 0.111264208555724 
 -1 -8 0.140211829118578 
 -1 -7 0.175775090022367 
 -1 -6 0.21894645772298 
 -1 -5 0.270591049936663 
 -1 -4 0.331287679081904 
 -1 -3 0.40113893186382 
 -1 -2 0.47958406270774 
 -1 -1 0.565270304622558 
 -1 0 0.656047151265636 
 -1 1 0.749128579960541 
 -1 2 0.841415902075049 
 -1 3 0.929908633120416 
 -1 4 1.01208991401782 
 -1 5 1.08618404935444 
 -1 6 1.15123961464202 
 -1 7 1.20705684755274 
 -1 8 1.25401879438286 
 -1 9 1.29289174356765 
 -1 10 1.32464299346893 
 0 -10 0.103762542307641 
 0 -9 0.131023223683007 
 0 -8 0.164640284278739 
 0 -7 0.205628323976558 
 0 -6 0.254909665073242 
 0 -5 0.313163873114096 
 0 -4 0.380640451453664 
 0 -3 0.456963648516771 
 0 -2 0.540981634363143 
 0 -1 0.630725920083859 
 0 0 0.723534152783516 
 0 1 0.816342385483174 
 0 2 0.90608667120389 
 0 3 0.990104657050262 
 0 4 1.06642785411337 
 0 5 1.13390443245294 
 0 6 1.19215864049379 
 0 7 1.24143998159047 
 0 8 1.28242802128829 
 0 9 1.31604508188403 
 0 10 1.34330576325939 
 1 -10 0.122425312098104 
 1 -9 0.154176561999381 
 1 -8 0.193049511184173 
 1 -7 0.240011458014291 
 1 -6 0.295828690925009 
 1 -5 0.360884256212589 
 1 -4 0.434978391549215 
 1 -3 0.517159672446617 
 1 -2 0.605652403491983 
 1 -1 0.697939725606492 
 1 0 0.791021154301397 
 1 1 0.881798000944474 
 1 2 0.967484242859292 
 1 3 1.04592937370321 
 1 4 1.11578062648513 
 1 5 1.17647725563037 
 1 6 1.22812184784405 
 1 7 1.27129321554467 
 1 8 1.30685647644845 
 1 9 1.33580409701131 
 1 10 1.35914056529587 
 2 -10 0.14435657678766 
 2 -9 0.181188484478028 
 2 -8 0.225885288096042 
 2 -7 0.279286320723921 
 2 -6 0.341894124266484 
 2 -5 0.413673876963674 
 2 -4 0.493870672465259 
 2 -3 0.580908386969196 
 2 -2 0.67243403352983 
 2 -1 0.765537661663694 
 2 0 0.857115357056641 
 2 1 0.944282170538549 
 2 2 1.02472029843939 
 2 3 1.09687919538179 
 2 4 1.16000666896835 
 2 5 1.21404616381095 
 2 6 1.25946168244069 
 2 7 1.2970481568981 
 2 8 1.32776556647355 
 2 9 1.35261381414342 
 2 10 1.37254989651008 
 3 -10 0.170021040346012 
 3 -9 0.21251558276427 
 3 -8 0.263534730615157 
 3 -7 0.323686227881783 
 3 -6 0.393087617380995 
 3 -5 0.471173695006004 
 3 -4 0.556570799193081 
 3 -3 0.647104392445872 
 3 -2 0.739979716281542 
 3 -1 0.832117045091666 
 3 0 0.92055948891023 
 3 1 1.00284038018236 
 3 2 1.07721845477635 
 3 3 1.14274664215444 
 3 4 1.19919867303919 
 3 5 1.246910044343 
 3 6 1.28659198605876 
 3 7 1.31916066187944 
 3 8 1.3456030304515 
 3 9 1.36688428546321 
 3 10 1.38389212641747 
 4 -10 0.199883017736041 
 4 -9 0.248566315192057 
 4 -8 0.30626957021299 
 4 -7 0.373249086608097 
 4 -6 0.44912010490067 
 4 -5 0.532710681776474 
 4 -4 0.622035329114673 
 4 -3 0.714436090453231 
 4 -2 0.806885853582712 
 4 -1 0.896384221602346 
 4 0 0.980337401646755 
 4 1 1.05682443167704 
 4 2 1.12470335197201 
 4 3 1.18356977523839 
 4 4 1.23361780036215 
 4 5 1.27546118497082 
 4 6 1.3099600931991 
 4 7 1.3380791260682 
 4 8 1.36078522811953 
 4 9 1.37898308878226 
 4 10 1.39348052548752 
 5 -10 0.234368572939333 
 5 -9 0.289646524250017 
 5 -8 0.354179925868747 
 5 -7 0.427753278456208 
 5 -6 0.50939234501944 
 5 -5 0.597307306878362 
 5 -4 0.688995095871131 
 5 -3 0.781507819024492 
 5 -2 0.871830585684336 
 5 -1 0.957266947961441 
 5 0 1.03573111885716 
 5 1 1.10588995407135 
 5 2 1.16715520735171 
 5 3 1.21956797475053 
 5 4 1.26363086266952 
 5 5 1.30013517247148 
 5 6 1.33001272007509 
 5 7 1.3542247240278 
 5 8 1.37368813287921 
 5 9 1.38923337143176 
 5 10 1.40158537410351 
 6 -10 0.273813445724817 
 6 -9 0.33589429801807 
 6 -8 0.407108512500921 
 6 -7 0.48667272695975 
 6 -6 0.572995587774868 
 6 -5 0.663743176844931 
 6 -4 0.756070882368257 
 6 -3 0.846978018177534 
 6 -2 0.933691969930145 
 6 -1 1.01398056372146 
 6 0 1.08632705296799 
 6 1 1.14995670079654 
 6 2 1.20474779100832 
 6 3 1.25107859667895 
 6 4 1.28965825224788 
 6 5 1.32137443223357 
 6 6 1.34717410398178 
 6 7 1.36798080315848 
 6 8 1.3846442948076 
 6 9 1.39791530618937 
 6 10 1.40843770263177 
 7 -10 0.318399362394066 
 7 -9 0.387213119457017 
 7 -8 0.464600962898623 
 7 -7 0.549169264046821 
 7 -6 0.638763569505734 
 7 -5 0.730663481996421 
 7 -4 0.821910034757225 
 7 -3 0.909682137094873 
 7 -2 0.991622770274054 
 7 -1 1.06604304993974 
 7 0 1.13198259019326 
 7 1 1.18914935589185 
 7 2 1.23778505744877 
 7 3 1.2785032199085 
 7 4 1.31213522948077 
 7 5 1.33960424352826 
 7 6 1.36183371674918 
 7 7 1.37968867133177 
 7 8 1.39394355940358 
 7 9 1.40526942330358 
 7 10 1.4142337090788 
 8 -10 0.368086686744451 
 8 -9 0.443218162935918 
 8 -8 0.525890482768972 
 8 -7 0.614135071638597 
 8 -6 0.705373131881259 
 8 -5 0.796712954159155 
 8 -4 0.885312988395588 
 8 -3 0.968715398836107 
 8 -2 1.04507434161617 
 8 -1 1.11324834657779 
 8 0 1.1727703339181 
 8 1 1.22373466675306 
 8 2 1.26664604550554 
 8 3 1.30226682775741 
 8 4 1.33148582371232 
 8 5 1.35521870855386 
 8 6 1.37434078761874 
 8 7 1.38964749247567 
 8 8 1.40183592183429 
 8 9 1.41150079279156 
 8 10 1.41913927036999 
 9 -10 0.422557386480556 
 9 -9 0.503213877291901 
 9 -8 0.589930961360655 
 9 -7 0.680285034493653 
 9 -6 0.77147452944455 
 9 -5 0.860664898329684 
 9 -4 0.945323255888035 
 9 -3 1.02346534499844 
 9 -2 1.09377700683389 
 9 -1 1.15561458959674 
 9 0 1.20891627657939 
 9 1 1.25406537823288 
 9 2 1.29174215005248 
 9 3 1.32278964282495 
 9 4 1.3481070164368 
 9 5 1.36857393014569 
 9 6 1.3850032900041 
 9 7 1.39811658942386 
 9 8 1.4085354181246 
 9 9 1.41678341756664 
 9 10 1.42329421849319 
 10 -10 0.481186209181316 
 10 -9 0.566218094481044 
 10 -8 0.655480775933045 
 10 -7 0.746282532709552 
 10 -6 0.835821886315935 
 10 -5 0.921517575493308 
 10 -4 1.0012683294741 
 10 -3 1.073599471205 
 10 -2 1.13769277178729 
 10 -1 1.19332385141321 
 10 0 1.24074318364998 
 10 1 1.28053583972717 
 10 2 1.31348698212805 
 10 3 1.34046951093634 
 10 4 1.36236050686806 
 10 5 1.37998600711846 
 10 6 1.39408961671783 
 10 7 1.40531898346534 
 10 8 1.41422435678873 
 10 9 1.42126446828443 
 10 10 1.4268162186832 
